   0.0000000e+00	  -4.0384615e+10	   0.0000000e+00	  -4.0384615e+10	   0.0000000e+00	   0.0000000e+00	   0.0000000e+00	   0.0000000e+00	   0.0000000e+00	   0.0000000e+00	   0.0000000e+00	   0.0000000e+00	   0.0000000e+00	   0.0000000e+00	   0.0000000e+00	   0.0000000e+00	   0.0000000e+00	   0.0000000e+00	   0.0000000e+00	   0.0000000e+00	   0.0000000e+00	   0.0000000e+00	   0.0000000e+00	   0.0000000e+00	   0.0000000e+00	   0.0000000e+00	   0.0000000e+00	   0.0000000e+00	   0.0000000e+00	   0.0000000e+00	   0.0000000e+00	   0.0000000e+00	   0.0000000e+00	   0.0000000e+00	
  -6.0576923e+10	   0.0000000e+00	  -6.0576923e+10	   0.0000000e+00	   0.0000000e+00	   0.0000000e+00	   0.0000000e+00	   0.0000000e+00	   0.0000000e+00	   0.0000000e+00	   0.0000000e+00	   0.0000000e+00	   0.0000000e+00	   0.0000000e+00	   0.0000000e+00	   0.0000000e+00	   0.0000000e+00	   0.0000000e+00	   0.0000000e+00	   0.0000000e+00	   0.0000000e+00	   0.0000000e+00	   0.0000000e+00	   0.0000000e+00	   0.0000000e+00	   0.0000000e+00	   0.0000000e+00	   0.0000000e+00	   0.0000000e+00	   0.0000000e+00	   0.0000000e+00	   0.0000000e+00	   0.0000000e+00	   0.0000000e+00	
   0.0000000e+00	   4.0384615e+10	   0.0000000e+00	   0.0000000e+00	   0.0000000e+00	  -4.0384615e+10	   0.0000000e+00	   0.0000000e+00	   0.0000000e+00	   0.0000000e+00	   0.0000000e+00	   0.0000000e+00	   0.0000000e+00	   0.0000000e+00	   0.0000000e+00	   0.0000000e+00	   0.0000000e+00	   0.0000000e+00	   0.0000000e+00	   0.0000000e+00	   0.0000000e+00	   0.0000000e+00	   0.0000000e+00	   0.0000000e+00	   0.0000000e+00	   0.0000000e+00	   0.0000000e+00	   0.0000000e+00	   0.0000000e+00	   0.0000000e+00	   0.0000000e+00	   0.0000000e+00	   0.0000000e+00	   0.0000000e+00	
   6.0576923e+10	   0.0000000e+00	   0.0000000e+00	   0.0000000e+00	  -6.0576923e+10	   0.0000000e+00	   0.0000000e+00	   0.0000000e+00	   0.0000000e+00	   0.0000000e+00	   0.0000000e+00	   0.0000000e+00	   0.0000000e+00	   0.0000000e+00	   0.0000000e+00	   0.0000000e+00	   0.0000000e+00	   0.0000000e+00	   0.0000000e+00	   0.0000000e+00	   0.0000000e+00	   0.0000000e+00	   0.0000000e+00	   0.0000000e+00	   0.0000000e+00	   0.0000000e+00	   0.0000000e+00	   0.0000000e+00	   0.0000000e+00	   0.0000000e+00	   0.0000000e+00	   0.0000000e+00	   0.0000000e+00	   0.0000000e+00	
   0.0000000e+00	   0.0000000e+00	   0.0000000e+00	   4.0384615e+10	   0.0000000e+00	   0.0000000e+00	   0.0000000e+00	  -4.0384615e+10	   0.0000000e+00	   0.0000000e+00	   0.0000000e+00	   0.0000000e+00	   0.0000000e+00	   0.0000000e+00	   0.0000000e+00	   0.0000000e+00	   0.0000000e+00	   0.0000000e+00	   0.0000000e+00	   0.0000000e+00	   0.0000000e+00	   0.0000000e+00	   0.0000000e+00	   0.0000000e+00	   0.0000000e+00	   0.0000000e+00	   0.0000000e+00	   0.0000000e+00	   0.0000000e+00	   0.0000000e+00	   0.0000000e+00	   0.0000000e+00	   0.0000000e+00	   0.0000000e+00	
   0.0000000e+00	   0.0000000e+00	   6.0576923e+10	   0.0000000e+00	   0.0000000e+00	   0.0000000e+00	  -6.0576923e+10	   0.0000000e+00	   0.0000000e+00	   0.0000000e+00	   0.0000000e+00	   0.0000000e+00	   0.0000000e+00	   0.0000000e+00	   0.0000000e+00	   0.0000000e+00	   0.0000000e+00	   0.0000000e+00	   0.0000000e+00	   0.0000000e+00	   0.0000000e+00	   0.0000000e+00	   0.0000000e+00	   0.0000000e+00	   0.0000000e+00	   0.0000000e+00	   0.0000000e+00	   0.0000000e+00	   0.0000000e+00	   0.0000000e+00	   0.0000000e+00	   0.0000000e+00	   0.0000000e+00	   0.0000000e+00	
   0.0000000e+00	   0.0000000e+00	   0.0000000e+00	   0.0000000e+00	   0.0000000e+00	   4.0384615e+10	   0.0000000e+00	   0.0000000e+00	   0.0000000e+00	  -4.0384615e+10	   0.0000000e+00	   0.0000000e+00	   0.0000000e+00	   0.0000000e+00	   0.0000000e+00	   0.0000000e+00	   0.0000000e+00	   0.0000000e+00	   0.0000000e+00	   0.0000000e+00	   0.0000000e+00	   0.0000000e+00	   0.0000000e+00	   0.0000000e+00	   0.0000000e+00	   0.0000000e+00	   0.0000000e+00	   0.0000000e+00	   0.0000000e+00	   0.0000000e+00	   0.0000000e+00	   0.0000000e+00	   0.0000000e+00	   0.0000000e+00	
   0.0000000e+00	   0.0000000e+00	   0.0000000e+00	   0.0000000e+00	   6.0576923e+10	   0.0000000e+00	   0.0000000e+00	   0.0000000e+00	  -6.0576923e+10	   0.0000000e+00	   0.0000000e+00	   0.0000000e+00	   0.0000000e+00	   0.0000000e+00	   0.0000000e+00	   0.0000000e+00	   0.0000000e+00	   0.0000000e+00	   0.0000000e+00	   0.0000000e+00	   0.0000000e+00	   0.0000000e+00	   0.0000000e+00	   0.0000000e+00	   0.0000000e+00	   0.0000000e+00	   0.0000000e+00	   0.0000000e+00	   0.0000000e+00	   0.0000000e+00	   0.0000000e+00	   0.0000000e+00	   0.0000000e+00	   0.0000000e+00	
   0.0000000e+00	   0.0000000e+00	   0.0000000e+00	   0.0000000e+00	   0.0000000e+00	   0.0000000e+00	   0.0000000e+00	   4.0384615e+10	   0.0000000e+00	   0.0000000e+00	   0.0000000e+00	  -4.0384615e+10	   0.0000000e+00	   0.0000000e+00	   0.0000000e+00	   0.0000000e+00	   0.0000000e+00	   0.0000000e+00	   0.0000000e+00	   0.0000000e+00	   0.0000000e+00	   0.0000000e+00	   0.0000000e+00	   0.0000000e+00	   0.0000000e+00	   0.0000000e+00	   0.0000000e+00	   0.0000000e+00	   0.0000000e+00	   0.0000000e+00	   0.0000000e+00	   0.0000000e+00	   0.0000000e+00	   0.0000000e+00	
   0.0000000e+00	   0.0000000e+00	   0.0000000e+00	   0.0000000e+00	   0.0000000e+00	   0.0000000e+00	   6.0576923e+10	   0.0000000e+00	   0.0000000e+00	   0.0000000e+00	  -6.0576923e+10	   0.0000000e+00	   0.0000000e+00	   0.0000000e+00	   0.0000000e+00	   0.0000000e+00	   0.0000000e+00	   0.0000000e+00	   0.0000000e+00	   0.0000000e+00	   0.0000000e+00	   0.0000000e+00	   0.0000000e+00	   0.0000000e+00	   0.0000000e+00	   0.0000000e+00	   0.0000000e+00	   0.0000000e+00	   0.0000000e+00	   0.0000000e+00	   0.0000000e+00	   0.0000000e+00	   0.0000000e+00	   0.0000000e+00	
   0.0000000e+00	   0.0000000e+00	   0.0000000e+00	   0.0000000e+00	   0.0000000e+00	   0.0000000e+00	   0.0000000e+00	   0.0000000e+00	   0.0000000e+00	   4.0384615e+10	   0.0000000e+00	   0.0000000e+00	   0.0000000e+00	  -4.0384615e+10	   0.0000000e+00	   0.0000000e+00	   0.0000000e+00	   0.0000000e+00	   0.0000000e+00	   0.0000000e+00	   0.0000000e+00	   0.0000000e+00	   0.0000000e+00	   0.0000000e+00	   0.0000000e+00	   0.0000000e+00	   0.0000000e+00	   0.0000000e+00	   0.0000000e+00	   0.0000000e+00	   0.0000000e+00	   0.0000000e+00	   0.0000000e+00	   0.0000000e+00	
   0.0000000e+00	   0.0000000e+00	   0.0000000e+00	   0.0000000e+00	   0.0000000e+00	   0.0000000e+00	   0.0000000e+00	   0.0000000e+00	   6.0576923e+10	   0.0000000e+00	   0.0000000e+00	   0.0000000e+00	  -6.0576923e+10	   0.0000000e+00	   0.0000000e+00	   0.0000000e+00	   0.0000000e+00	   0.0000000e+00	   0.0000000e+00	   0.0000000e+00	   0.0000000e+00	   0.0000000e+00	   0.0000000e+00	   0.0000000e+00	   0.0000000e+00	   0.0000000e+00	   0.0000000e+00	   0.0000000e+00	   0.0000000e+00	   0.0000000e+00	   0.0000000e+00	   0.0000000e+00	   0.0000000e+00	   0.0000000e+00	
   0.0000000e+00	   0.0000000e+00	   0.0000000e+00	   0.0000000e+00	   0.0000000e+00	   0.0000000e+00	   0.0000000e+00	   0.0000000e+00	   0.0000000e+00	   0.0000000e+00	   0.0000000e+00	   4.0384615e+10	   0.0000000e+00	   0.0000000e+00	   0.0000000e+00	  -4.0384615e+10	   0.0000000e+00	   0.0000000e+00	   0.0000000e+00	   0.0000000e+00	   0.0000000e+00	   0.0000000e+00	   0.0000000e+00	   0.0000000e+00	   0.0000000e+00	   0.0000000e+00	   0.0000000e+00	   0.0000000e+00	   0.0000000e+00	   0.0000000e+00	   0.0000000e+00	   0.0000000e+00	   0.0000000e+00	   0.0000000e+00	
   0.0000000e+00	   0.0000000e+00	   0.0000000e+00	   0.0000000e+00	   0.0000000e+00	   0.0000000e+00	   0.0000000e+00	   0.0000000e+00	   0.0000000e+00	   0.0000000e+00	   6.0576923e+10	   0.0000000e+00	   0.0000000e+00	   0.0000000e+00	  -6.0576923e+10	   0.0000000e+00	   0.0000000e+00	   0.0000000e+00	   0.0000000e+00	   0.0000000e+00	   0.0000000e+00	   0.0000000e+00	   0.0000000e+00	   0.0000000e+00	   0.0000000e+00	   0.0000000e+00	   0.0000000e+00	   0.0000000e+00	   0.0000000e+00	   0.0000000e+00	   0.0000000e+00	   0.0000000e+00	   0.0000000e+00	   0.0000000e+00	
   0.0000000e+00	   0.0000000e+00	   0.0000000e+00	   0.0000000e+00	   0.0000000e+00	   0.0000000e+00	   0.0000000e+00	   0.0000000e+00	   0.0000000e+00	   0.0000000e+00	   0.0000000e+00	   0.0000000e+00	   0.0000000e+00	   4.0384615e+10	   0.0000000e+00	   0.0000000e+00	   0.0000000e+00	  -4.0384615e+10	   0.0000000e+00	   0.0000000e+00	   0.0000000e+00	   0.0000000e+00	   0.0000000e+00	   0.0000000e+00	   0.0000000e+00	   0.0000000e+00	   0.0000000e+00	   0.0000000e+00	   0.0000000e+00	   0.0000000e+00	   0.0000000e+00	   0.0000000e+00	   0.0000000e+00	   0.0000000e+00	
   0.0000000e+00	   0.0000000e+00	   0.0000000e+00	   0.0000000e+00	   0.0000000e+00	   0.0000000e+00	   0.0000000e+00	   0.0000000e+00	   0.0000000e+00	   0.0000000e+00	   0.0000000e+00	   0.0000000e+00	   6.0576923e+10	   0.0000000e+00	   0.0000000e+00	   0.0000000e+00	  -6.0576923e+10	   0.0000000e+00	   0.0000000e+00	   0.0000000e+00	   0.0000000e+00	   0.0000000e+00	   0.0000000e+00	   0.0000000e+00	   0.0000000e+00	   0.0000000e+00	   0.0000000e+00	   0.0000000e+00	   0.0000000e+00	   0.0000000e+00	   0.0000000e+00	   0.0000000e+00	   0.0000000e+00	   0.0000000e+00	
   0.0000000e+00	   0.0000000e+00	   0.0000000e+00	   0.0000000e+00	   0.0000000e+00	   0.0000000e+00	   0.0000000e+00	   0.0000000e+00	   0.0000000e+00	   0.0000000e+00	   0.0000000e+00	   0.0000000e+00	   0.0000000e+00	   0.0000000e+00	   0.0000000e+00	   4.0384615e+10	   0.0000000e+00	   0.0000000e+00	   0.0000000e+00	  -4.0384615e+10	   0.0000000e+00	   0.0000000e+00	   0.0000000e+00	   0.0000000e+00	   0.0000000e+00	   0.0000000e+00	   0.0000000e+00	   0.0000000e+00	   0.0000000e+00	   0.0000000e+00	   0.0000000e+00	   0.0000000e+00	   0.0000000e+00	   0.0000000e+00	
   0.0000000e+00	   0.0000000e+00	   0.0000000e+00	   0.0000000e+00	   0.0000000e+00	   0.0000000e+00	   0.0000000e+00	   0.0000000e+00	   0.0000000e+00	   0.0000000e+00	   0.0000000e+00	   0.0000000e+00	   0.0000000e+00	   0.0000000e+00	   6.0576923e+10	   0.0000000e+00	   0.0000000e+00	   0.0000000e+00	  -6.0576923e+10	   0.0000000e+00	   0.0000000e+00	   0.0000000e+00	   0.0000000e+00	   0.0000000e+00	   0.0000000e+00	   0.0000000e+00	   0.0000000e+00	   0.0000000e+00	   0.0000000e+00	   0.0000000e+00	   0.0000000e+00	   0.0000000e+00	   0.0000000e+00	   0.0000000e+00	
   0.0000000e+00	   0.0000000e+00	   0.0000000e+00	   0.0000000e+00	   0.0000000e+00	   0.0000000e+00	   0.0000000e+00	   0.0000000e+00	   0.0000000e+00	   0.0000000e+00	   0.0000000e+00	   0.0000000e+00	   0.0000000e+00	   0.0000000e+00	   0.0000000e+00	   0.0000000e+00	   0.0000000e+00	   4.0384615e+10	   0.0000000e+00	   0.0000000e+00	   0.0000000e+00	  -4.0384615e+10	   0.0000000e+00	   0.0000000e+00	   0.0000000e+00	   0.0000000e+00	   0.0000000e+00	   0.0000000e+00	   0.0000000e+00	   0.0000000e+00	   0.0000000e+00	   0.0000000e+00	   0.0000000e+00	   0.0000000e+00	
   0.0000000e+00	   0.0000000e+00	   0.0000000e+00	   0.0000000e+00	   0.0000000e+00	   0.0000000e+00	   0.0000000e+00	   0.0000000e+00	   0.0000000e+00	   0.0000000e+00	   0.0000000e+00	   0.0000000e+00	   0.0000000e+00	   0.0000000e+00	   0.0000000e+00	   0.0000000e+00	   6.0576923e+10	   0.0000000e+00	   0.0000000e+00	   0.0000000e+00	  -6.0576923e+10	   0.0000000e+00	   0.0000000e+00	   0.0000000e+00	   0.0000000e+00	   0.0000000e+00	   0.0000000e+00	   0.0000000e+00	   0.0000000e+00	   0.0000000e+00	   0.0000000e+00	   0.0000000e+00	   0.0000000e+00	   0.0000000e+00	
   0.0000000e+00	   0.0000000e+00	   0.0000000e+00	   0.0000000e+00	   0.0000000e+00	   0.0000000e+00	   0.0000000e+00	   0.0000000e+00	   0.0000000e+00	   0.0000000e+00	   0.0000000e+00	   0.0000000e+00	   0.0000000e+00	   0.0000000e+00	   0.0000000e+00	   0.0000000e+00	   0.0000000e+00	   0.0000000e+00	   0.0000000e+00	   4.0384615e+10	   0.0000000e+00	   0.0000000e+00	   0.0000000e+00	  -4.0384615e+10	   0.0000000e+00	   0.0000000e+00	   0.0000000e+00	   0.0000000e+00	   0.0000000e+00	   0.0000000e+00	   0.0000000e+00	   0.0000000e+00	   0.0000000e+00	   0.0000000e+00	
   0.0000000e+00	   0.0000000e+00	   0.0000000e+00	   0.0000000e+00	   0.0000000e+00	   0.0000000e+00	   0.0000000e+00	   0.0000000e+00	   0.0000000e+00	   0.0000000e+00	   0.0000000e+00	   0.0000000e+00	   0.0000000e+00	   0.0000000e+00	   0.0000000e+00	   0.0000000e+00	   0.0000000e+00	   0.0000000e+00	   6.0576923e+10	   0.0000000e+00	   0.0000000e+00	   0.0000000e+00	  -6.0576923e+10	   0.0000000e+00	   0.0000000e+00	   0.0000000e+00	   0.0000000e+00	   0.0000000e+00	   0.0000000e+00	   0.0000000e+00	   0.0000000e+00	   0.0000000e+00	   0.0000000e+00	   0.0000000e+00	
   0.0000000e+00	   0.0000000e+00	   0.0000000e+00	   0.0000000e+00	   0.0000000e+00	   0.0000000e+00	   0.0000000e+00	   0.0000000e+00	   0.0000000e+00	   0.0000000e+00	   0.0000000e+00	   0.0000000e+00	   0.0000000e+00	   0.0000000e+00	   0.0000000e+00	   0.0000000e+00	   0.0000000e+00	   0.0000000e+00	   0.0000000e+00	   0.0000000e+00	   0.0000000e+00	   4.0384615e+10	   0.0000000e+00	   0.0000000e+00	   0.0000000e+00	  -4.0384615e+10	   0.0000000e+00	   0.0000000e+00	   0.0000000e+00	   0.0000000e+00	   0.0000000e+00	   0.0000000e+00	   0.0000000e+00	   0.0000000e+00	
   0.0000000e+00	   0.0000000e+00	   0.0000000e+00	   0.0000000e+00	   0.0000000e+00	   0.0000000e+00	   0.0000000e+00	   0.0000000e+00	   0.0000000e+00	   0.0000000e+00	   0.0000000e+00	   0.0000000e+00	   0.0000000e+00	   0.0000000e+00	   0.0000000e+00	   0.0000000e+00	   0.0000000e+00	   0.0000000e+00	   0.0000000e+00	   0.0000000e+00	   6.0576923e+10	   0.0000000e+00	   0.0000000e+00	   0.0000000e+00	  -6.0576923e+10	   0.0000000e+00	   0.0000000e+00	   0.0000000e+00	   0.0000000e+00	   0.0000000e+00	   0.0000000e+00	   0.0000000e+00	   0.0000000e+00	   0.0000000e+00	
   0.0000000e+00	   0.0000000e+00	   0.0000000e+00	   0.0000000e+00	   0.0000000e+00	   0.0000000e+00	   0.0000000e+00	   0.0000000e+00	   0.0000000e+00	   0.0000000e+00	   0.0000000e+00	   0.0000000e+00	   0.0000000e+00	   0.0000000e+00	   0.0000000e+00	   0.0000000e+00	   0.0000000e+00	   0.0000000e+00	   0.0000000e+00	   0.0000000e+00	   0.0000000e+00	   0.0000000e+00	   0.0000000e+00	   4.0384615e+10	   0.0000000e+00	   0.0000000e+00	   0.0000000e+00	  -4.0384615e+10	   0.0000000e+00	   0.0000000e+00	   0.0000000e+00	   0.0000000e+00	   0.0000000e+00	   0.0000000e+00	
   0.0000000e+00	   0.0000000e+00	   0.0000000e+00	   0.0000000e+00	   0.0000000e+00	   0.0000000e+00	   0.0000000e+00	   0.0000000e+00	   0.0000000e+00	   0.0000000e+00	   0.0000000e+00	   0.0000000e+00	   0.0000000e+00	   0.0000000e+00	   0.0000000e+00	   0.0000000e+00	   0.0000000e+00	   0.0000000e+00	   0.0000000e+00	   0.0000000e+00	   0.0000000e+00	   0.0000000e+00	   6.0576923e+10	   0.0000000e+00	   0.0000000e+00	   0.0000000e+00	  -6.0576923e+10	   0.0000000e+00	   0.0000000e+00	   0.0000000e+00	   0.0000000e+00	   0.0000000e+00	   0.0000000e+00	   0.0000000e+00	
   0.0000000e+00	   0.0000000e+00	   0.0000000e+00	   0.0000000e+00	   0.0000000e+00	   0.0000000e+00	   0.0000000e+00	   0.0000000e+00	   0.0000000e+00	   0.0000000e+00	   0.0000000e+00	   0.0000000e+00	   0.0000000e+00	   0.0000000e+00	   0.0000000e+00	   0.0000000e+00	   0.0000000e+00	   0.0000000e+00	   0.0000000e+00	   0.0000000e+00	   0.0000000e+00	   0.0000000e+00	   0.0000000e+00	   0.0000000e+00	   0.0000000e+00	   4.0384615e+10	   0.0000000e+00	   0.0000000e+00	   0.0000000e+00	  -4.0384615e+10	   0.0000000e+00	   0.0000000e+00	   0.0000000e+00	   0.0000000e+00	
   0.0000000e+00	   0.0000000e+00	   0.0000000e+00	   0.0000000e+00	   0.0000000e+00	   0.0000000e+00	   0.0000000e+00	   0.0000000e+00	   0.0000000e+00	   0.0000000e+00	   0.0000000e+00	   0.0000000e+00	   0.0000000e+00	   0.0000000e+00	   0.0000000e+00	   0.0000000e+00	   0.0000000e+00	   0.0000000e+00	   0.0000000e+00	   0.0000000e+00	   0.0000000e+00	   0.0000000e+00	   0.0000000e+00	   0.0000000e+00	   6.0576923e+10	   0.0000000e+00	   0.0000000e+00	   0.0000000e+00	  -6.0576923e+10	   0.0000000e+00	   0.0000000e+00	   0.0000000e+00	   0.0000000e+00	   0.0000000e+00	
   0.0000000e+00	   0.0000000e+00	   0.0000000e+00	   0.0000000e+00	   0.0000000e+00	   0.0000000e+00	   0.0000000e+00	   0.0000000e+00	   0.0000000e+00	   0.0000000e+00	   0.0000000e+00	   0.0000000e+00	   0.0000000e+00	   0.0000000e+00	   0.0000000e+00	   0.0000000e+00	   0.0000000e+00	   0.0000000e+00	   0.0000000e+00	   0.0000000e+00	   0.0000000e+00	   0.0000000e+00	   0.0000000e+00	   0.0000000e+00	   0.0000000e+00	   0.0000000e+00	   0.0000000e+00	   4.0384615e+10	   0.0000000e+00	   0.0000000e+00	   0.0000000e+00	  -4.0384615e+10	   0.0000000e+00	   0.0000000e+00	
   0.0000000e+00	   0.0000000e+00	   0.0000000e+00	   0.0000000e+00	   0.0000000e+00	   0.0000000e+00	   0.0000000e+00	   0.0000000e+00	   0.0000000e+00	   0.0000000e+00	   0.0000000e+00	   0.0000000e+00	   0.0000000e+00	   0.0000000e+00	   0.0000000e+00	   0.0000000e+00	   0.0000000e+00	   0.0000000e+00	   0.0000000e+00	   0.0000000e+00	   0.0000000e+00	   0.0000000e+00	   0.0000000e+00	   0.0000000e+00	   0.0000000e+00	   0.0000000e+00	   6.0576923e+10	   0.0000000e+00	   0.0000000e+00	   0.0000000e+00	  -6.0576923e+10	   0.0000000e+00	   0.0000000e+00	   0.0000000e+00	
   0.0000000e+00	   0.0000000e+00	   0.0000000e+00	   0.0000000e+00	   0.0000000e+00	   0.0000000e+00	   0.0000000e+00	   0.0000000e+00	   0.0000000e+00	   0.0000000e+00	   0.0000000e+00	   0.0000000e+00	   0.0000000e+00	   0.0000000e+00	   0.0000000e+00	   0.0000000e+00	   0.0000000e+00	   0.0000000e+00	   0.0000000e+00	   0.0000000e+00	   0.0000000e+00	   0.0000000e+00	   0.0000000e+00	   0.0000000e+00	   0.0000000e+00	   0.0000000e+00	   0.0000000e+00	   0.0000000e+00	   0.0000000e+00	   4.0384615e+10	   0.0000000e+00	   0.0000000e+00	   0.0000000e+00	  -4.0384615e+10	
   0.0000000e+00	   0.0000000e+00	   0.0000000e+00	   0.0000000e+00	   0.0000000e+00	   0.0000000e+00	   0.0000000e+00	   0.0000000e+00	   0.0000000e+00	   0.0000000e+00	   0.0000000e+00	   0.0000000e+00	   0.0000000e+00	   0.0000000e+00	   0.0000000e+00	   0.0000000e+00	   0.0000000e+00	   0.0000000e+00	   0.0000000e+00	   0.0000000e+00	   0.0000000e+00	   0.0000000e+00	   0.0000000e+00	   0.0000000e+00	   0.0000000e+00	   0.0000000e+00	   0.0000000e+00	   0.0000000e+00	   6.0576923e+10	   0.0000000e+00	   0.0000000e+00	   0.0000000e+00	  -6.0576923e+10	   0.0000000e+00	
   0.0000000e+00	   0.0000000e+00	   0.0000000e+00	   0.0000000e+00	   0.0000000e+00	   0.0000000e+00	   0.0000000e+00	   0.0000000e+00	   0.0000000e+00	   0.0000000e+00	   0.0000000e+00	   0.0000000e+00	   0.0000000e+00	   0.0000000e+00	   0.0000000e+00	   0.0000000e+00	   0.0000000e+00	   0.0000000e+00	   0.0000000e+00	   0.0000000e+00	   0.0000000e+00	   0.0000000e+00	   0.0000000e+00	   0.0000000e+00	   0.0000000e+00	   0.0000000e+00	   0.0000000e+00	   0.0000000e+00	   0.0000000e+00	   0.0000000e+00	   0.0000000e+00	   4.0384615e+10	   0.0000000e+00	   4.0384615e+10	
   0.0000000e+00	   0.0000000e+00	   0.0000000e+00	   0.0000000e+00	   0.0000000e+00	   0.0000000e+00	   0.0000000e+00	   0.0000000e+00	   0.0000000e+00	   0.0000000e+00	   0.0000000e+00	   0.0000000e+00	   0.0000000e+00	   0.0000000e+00	   0.0000000e+00	   0.0000000e+00	   0.0000000e+00	   0.0000000e+00	   0.0000000e+00	   0.0000000e+00	   0.0000000e+00	   0.0000000e+00	   0.0000000e+00	   0.0000000e+00	   0.0000000e+00	   0.0000000e+00	   0.0000000e+00	   0.0000000e+00	   0.0000000e+00	   0.0000000e+00	   6.0576923e+10	   0.0000000e+00	   6.0576923e+10	   0.0000000e+00	
